5896
7580
1885
8052
8602
228
3093
6536
72
8335
4761
9865
3411
8437
6757
5342
2629
4529
3172
5054
5346
6888
2146
4642
5900
4922
7307
4697
3078
1956
7858
4210
9120
8384
5087
1017
354
8538
1392
2017
6948
255
9552
4906
2809
1428
948
5104
4588
7424
1938
6768
3347
8360
2621
9447
992
1445
4123
5160
6503
707
519
698
1465
9672
3106
3804
7790
7423
1813
1494
3058
5697
1873
9613
1446
7232
8167
2450
3127
5087
2212
4697
3020
9280
1988
9393
6761
7195
7240
3972
4096
3032
5746
5260
3927
4698
4876
9232
7860
3288
904
5946
4421
377
6178
5943
9149
9036
1586
2218
361
6817
4414
4877
400
2806
2236
4229
8216
3250
7829
432
1526
5128
7541
4206
4621
5945
6543
9113
200
1385
2894
4403
7314
3644
9142
6523
4450
5580
2360
5419
2693
7978
2372
400
2819
6670
8809
6871
5092
4813
8136
6177
3051
2231
6247
4467
7616
2793
817
3356
5964
1573
842
6691
1437
8636
5921
6221
3082
2262
9358
8424
5424
5182
7898
8760
2346
5180
9566
6043
4047
3824
6980
9978
4246
4792
1034
3886
7012
9614
8581
9181
2278
6545
6033
8528
9322
7327
9414
8274
2135
476
8807
3527
9054
2689
2197
2918
3048
3779
8176
6629
1422
6415
8365
7071
3048
9088
6754
5685
6205
6812
2718
4974
7769
9057
5415
9004
5309
8615
1787
3277
8063
5826
1224
1882
9666
6311
263
1584
3905
8936
2946
2392
4149
1630
2311
4149
2871
3010
5460
9866
9566
3112
9618
6021
5609
5400
927
3116
2649
362
9251
4627
3046
670
148
9718
8306
5013
9541
1321
8378
6943
6569
2890
2840
7698
1621
5231
2278
4531
4164
8802
2141
1861
3012
5814
7643
7755
1469
9396
179
827
8034
7639
1550
8482
1680
5984
5504
6366
1571
7046
4902
6283
4008
9101
331
9565
2637
9554
233
71
3493
7873
4460
1158
9016
9236
2370
8318
278
8120
5231
4990
7260
653
3501
7970
8655
554
6433
5109
2358
7882
3225
673
5764
3255
6177
5749
162
337
756
3521
9068
283
5376
8945
802
3091
7666
4068
6014
8140
4353
8392
2197
5226
9398
6179
7382
233
4041
160
2208
4233
9911
261
8465
74
8239
4685
2728
8273
3148
5175
2828
1524
8124
1097
6357
4040
6416
6962
9128
772
268
3147
4289
65
5694
7817
1721
8017
8219
3779
518
1976
2261
5258
7185
7628
6697
4985
1907
7781
6084
6026
729
8016
886
1651
7639
230
527
7595
6537
9476
9349
1613
3444
8774
9416
4392
9851
8389
252
3776
5565
5163
8822
1381
5915
7023
562
2365
3975
6097
9169
8209
9449
1747
2336
3329
5515
1153
8803
2277
1572
8479
5328
209
1698
2974
2104
2403
4608
7643
4241
3292
3831
9492
6430
4201
7169
6984
7568
8718
9144
2426
1061
8910
6749
5440
9807
3849
693
4030
3200
4642
7646
8139
7169
9131
9951
1117
7586
9455
3805
3878
971
6316
8810
2410
5601
