5234
9312
3776
725
4179
8517
3658
4472
8770
7759
579
4761
6829
7304
2331
3237
309
1966
7305
6328
3321
8444
3860
467
7019
8053
2225
665
1823
6812
1127
3510
81
1826
6974
141
9573
4668
2246
6540
7882
5057
5444
7374
8824
7293
9719
6941
4809
5845
9065
3969
3060
2584
7505
2122
4836
6237
4805
9798
7847
4703
3212
2111
4002
322
3122
5364
5794
112
3652
4514
6461
6421
2235
2287
231
8227
6358
8772
8033
6835
2208
4868
2715
249
9265
5517
9242
1522
6785
3001
7525
7165
5542
9409
969
9891
894
9007
2717
1508
7064
6111
848
3232
4605
9522
8701
7582
9709
2254
8304
9836
9971
8805
5715
5764
8826
143
4226
8199
1865
2903
5213
794
6201
8528
7131
9833
7016
594
1930
5644
7046
5061
7029
5221
5965
8424
6703
6754
2861
2111
7100
3349
101
1687
5855
3597
9086
7430
7838
2817
2289
5012
2226
9065
4857
960
6010
9945
9923
2065
5470
3803
5282
5706
8913
1048
7471
1544
3360
3683
6845
4763
3000
353
5018
2014
3844
2744
466
1429
8899
3395
6334
1939
2392
2544
8058
8085
8555
3271
9988
5999
9149
4135
7487
4352
7977
9790
8839
132
2693
4276
8016
2742
9768
5621
3911
1664
2869
2345
4122
3409
8694
7762
9795
8409
2900
5026
655
5764
114
8902
9069
4480
7706
9810
6498
6269
6111
698
4890
4993
9010
2443
4377
7685
4848
5876
7903
6591
5959
740
3065
1356
4889
3905
9396
9690
5226
8514
6941
1119
2260
5834
6628
7034
6186
593
6879
6740
3369
353
6811
8018
8698
810
8877
5354
8211
1794
8918
1856
7902
2237
8421
2572
3154
2964
6422
2697
9597
9541
6152
8620
2355
8632
3277
3791
5968
8569
7466
6937
7961
7142
2670
1900
2001
9110
5152
5595
4455
3796
9728
8454
3421
2599
64
1860
1939
1536
1452
7819
1298
6080
4852
8350
6341
1443
8186
7604
9729
5260
5431
81
4933
3133
9128
1347
1068
5012
4021
2555
3487
4269
5122
9878
6264
6968
8751
1175
1314
4040
9322
5171
7804
8629
9220
3705
892
3007
289
2460
112
3855
4761
4302
1551
2331
4155
3419
9870
6390
2306
7950
6095
3458
4127
8596
1972
8259
8981
2987
2258
2385
3300
7927
6816
2713
6925
4801
7038
8945
9813
4364
5570
8358
6133
390
3133
7268
3661
3959
5804
5921
4281
3785
9179
8262
6059
8739
7781
3403
8760
3204
1766
7582
5967
7369
1601
4736
8900
4955
6925
572
2539
5816
2618
1493
1199
7052
3010
6570
8306
315
4106
8057
8159
9870
7623
6461
2347
1416
9854
69
7386
2532
3012
4195
126
6909
9812
62
7994
8409
2735
9237
5333
5587
1613
5759
2042
9300
9153
1684
444
9341
1243
2913
1559
9859
8535
4796
7458
4343
1299
6757
2976
3633
1311
261
9125
8648
5148
5398
2950
3713
1574
7055
4537
82
5294
8778
3980
3410
2240
1859
5041
7087
9236
1599
1191
6667
7664
1527
3844
8691
8458
