1832
9004
3581
9961
2231
8103
6184
9532
2799
5294
9137
4824
5287
7404
3317
7297
5862
9024
9949
1731
8991
9096
5988
6800
4587
7788
2694
9205
8706
3831
7207
5147
917
8383
2765
521
8858
8534
4523
8870
3637
1593
666
1644
9472
2742
5894
5592
5751
298
3011
9534
130
7112
5243
9290
3472
9862
4229
6113
2492
4705
450
4838
5343
1649
6215
904
9474
8744
1586
6328
7037
1923
1164
6745
7713
1203
9146
2624
1023
453
5583
667
6531
13
785
7246
3504
386
1734
2168
9001
2210
2283
1860
1066
1014
8656
7099
8145
2225
4468
3383
3307
6930
6601
3235
7311
9897
5572
9822
337
1717
2115
590
6597
9931
9019
9201
3265
2484
2221
4510
6173
1166
772
4618
7305
7810
1197
4263
699
8469
1107
4295
1523
536
167
4318
4797
1754
4041
7237
1651
6654
1013
1275
4316
5015
6828
3478
581
1231
478
9623
1483
9143
9969
3628
5330
5273
881
6862
2052
1417
7924
1051
7945
3866
6488
9918
672
7741
1676
5690
4840
9380
7944
1942
2957
6900
7353
7250
6386
3865
8333
103
871
1091
8519
3549
8551
1886
448
9238
1921
4240
5611
7399
1521
1660
770
807
7915
2739
3762
8864
9379
1082
2160
1251
5355
4870
3894
3704
2538
564
8110
3619
469
309
842
801
8717
887
2142
3938
4134
9151
4651
5553
7919
3825
4536
6910
2450
6386
9839
5292
7145
8965
2241
8998
3307
3810
8103
7389
7714
469
7126
1421
2954
2578
2718
1853
1657
6806
6319
4933
7029
6248
9945
1034
9702
431
8990
4181
9962
1229
646
4066
270
1257
4847
7251
4368
4122
1711
4964
2670
6511
5304
4458
2234
284
4038
8037
5469
4399
7624
4021
5700
3617
568
5736
4220
72
6873
9185
5606
8408
8428
6789
3174
4697
1135
7470
4110
1924
8211
482
6274
8184
2200
5518
2632
6873
8663
2924
3678
152
2443
4932
4375
2125
8637
8175
3043
2497
7339
3190
6426
4440
3621
1369
5189
2683
3347
4364
4026
1204
8758
3371
98
5010
4314
1678
5592
3309
9556
7047
5424
3459
2990
9688
1585
4993
9788
6418
2769
1901
6634
3961
9499
8224
4900
4883
5471
5889
961
1951
4887
5308
3565
7298
6354
530
4514
3596
3583
9194
7506
6121
4263
1205
2660
8068
2646
5711
3448
4694
888
8130
8137
7068
9949
4564
9134
5446
4856
9904
8892
7436
1162
6754
2108
795
1813
764
932
4301
576
4150
6885
7559
2118
258
721
8508
7755
8845
391
5374
2333
6786
5500
4900
2802
5209
6711
4104
948
5340
5944
1751
7238
3657
6934
9707
2241
5892
7029
230
5263
1268
6753
9540
8323
7950
4633
2931
8339
4847
3594
3695
20
8066
9623
2486
7681
49
2050
1258
1095
4952
4634
6021
239
6374
3585
9638
7400
7229
1944
3641
8961
5160
2777
133
3681
7644
881
3951
7955
4791
7336
556
9713
9094
7902
2772
5307
2194
1380
8402
3060
9594
6660
6712
7354
