6415
3108
9044
6621
1159
7471
7400
6346
6055
6027
4044
7630
1776
8566
1377
2957
489
3919
6305
6298
9771
618
8164
8329
7786
7760
1921
9889
5995
6355
2837
6336
8711
4719
4633
4857
187
9371
995
4985
24
8431
8044
72
4813
9696
3833
1322
2223
679
968
1189
4547
4191
3545
8333
3736
1869
2518
6458
2852
1498
5409
3707
5785
1644
1961
5460
9619
2483
712
6963
6720
9167
1579
9281
4397
6734
4335
7875
1354
3859
2980
3376
921
4818
7281
9981
1800
2936
7237
8692
551
2184
6741
7556
1928
1664
8726
4369
452
394
7929
108
8020
5630
3454
2301
6898
5077
7990
2876
1420
744
7897
4672
5201
7831
9840
847
3884
9477
8161
5972
2363
1249
1637
1630
4027
6191
9079
644
4849
7525
8907
1767
3623
146
1512
8720
9681
8136
3379
6697
3291
810
2394
4056
4001
657
1722
9685
9370
8665
5982
2636
4434
7752
3044
1246
2867
7678
6573
7714
6623
4647
6417
2441
1949
7550
4301
9535
5965
4764
4779
8317
7913
6094
4171
252
4187
6580
6259
8532
8725
4662
9824
2514
4241
4081
2328
2568
1093
7583
9246
1102
6178
9861
5457
9222
6586
3381
9986
8893
1435
5828
3168
5438
5804
2086
7457
1008
3619
1093
1055
1056
1137
8353
6300
7929
6155
161
996
8879
8678
9175
9182
9052
8781
6850
4990
5330
9554
2365
3642
3374
3343
5285
5959
9662
2264
7080
2159
2409
2607
9272
7313
9676
1506
6510
4902
934
7845
7660
4763
1209
6104
9003
9472
704
2022
8467
7547
6624
4841
3721
9098
5911
6764
6626
7268
5185
4735
7574
8618
2186
8033
5744
7807
3278
6861
5058
9105
1035
19
4261
19
1352
481
7917
8504
9871
8350
1371
7438
2453
1332
9725
9973
5483
776
9360
9610
7149
8726
8486
1541
4007
909
1906
9083
6648
7669
1903
8273
3950
9832
3216
2622
1009
180
4291
7179
7180
1276
3167
5993
773
4245
1789
5391
4158
6244
8163
6143
1604
3858
8474
8468
229
7417
1393
555
6735
3037
6442
1626
2515
2234
9315
3569
8040
773
1247
3324
1595
418
9651
18
9364
8674
8029
5709
7204
1655
1117
2566
8795
3190
1960
2140
4807
7142
9025
3233
630
3515
3224
8545
7676
3898
5791
3472
7760
1129
5399
5391
7473
3733
8330
1611
3206
3518
8481
2914
5954
9731
9685
2274
2646
9030
3426
912
81
2923
712
4402
6851
9666
5115
1754
9759
3471
7403
2015
2302
2690
8526
7129
3696
5080
9224
1449
5118
8333
6141
227
4683
8444
2349
2937
6265
1894
3950
6725
5479
4234
4248
178
8216
9190
6857
3320
2639
6971
4568
6226
6902
4454
7111
7758
2126
1536
6530
9664
9041
6932
373
8947
7539
120
9993
3613
5415
3370
2718
7598
222
2184
6357
8597
5322
6044
6356
9759
1713
1394
4621
8317
1420
1000
2248
1360
8943
2529
2972
2884
5635
8613
605
9222
7599
2089
2255
9780
3542
9302
1720
8367
2409
7241
